pure python: 5.951461315155029
Treads: 6.0722496509552
Processes: 2.8969998359680176
