pure python: 1.348329782485962
Treads: 1.2720704078674316
Processes: 0.6926460266113281
